-1.762181507  -0.6270947991  0.5845607129  -0.3544990292  0.4089870499  0.6675733699  -2.292143543  -1.382385513  -0.3897401441  0.6161725572  
-0.6022888093  -1.07600512  0.756567012  0.6704493193  1.023051024  0.6999270263  -2.683459517  -2.105139733  -1.005065543  0.1891948622  
0.7833934682  -1.453011861  1.019266336  1.373541816  0.9870377547  0.7598422157  -1.186492171  -2.03017654  -1.348810678  -0.4636096466  
1.037105276  -1.652158413  1.712577458  0.8404011787  -0.274815229  1.379822412  1.323869219  -1.609866444  -1.141272985  -1.064658079  
-0.259087975  -1.935516344  2.703328702  -0.8416683218  -2.204578006  2.679836699  3.378572046  -1.553281047  -0.4927100308  -1.568481718  
-2.294757967  -2.681207927  3.21531446  -2.723329225  -3.41549348  4.03692403  4.469012085  -1.940452165  0.2468165908  -1.957358785  
-3.829844822  -3.876315007  2.467609455  -4.074368228  -2.986524282  4.535038509  5.411160585  -2.132523975  0.7622512279  -2.024801196  
-4.174158353  -4.981148978  0.4962205332  -4.979337282  -1.395704367  3.815946766  7.118161707  -1.527771992  0.9009953181  -1.590942439  
-3.473707129  -5.344747492  -1.801601657  -5.623719019  -0.02951713044  2.406550813  9.135168861  -0.1994632985  0.6707119087  -0.8748922892  
-2.259998389  -4.645813555  -3.482270064  -5.29754249  0.2386279868  1.09622984  9.56392418  1.278913083  0.2574167484  -0.3753363782  
-0.858542805  -2.851273805  -4.266989069  -2.770761404  -0.1461961707  0.02890611674  6.59912907  2.429931661  0.01431036393  -0.2443678206  
0.7938918959  0.06050901307  -4.348316083  2.000860768  -0.08231083996  -1.403212408  0.3127938048  3.08653825  0.2372509534  0.03204545974  
2.826479239  3.952208505  -3.711006556  6.895469037  0.8676118657  -3.64085551  -6.941350092  3.141385709  0.813497344  1.061677634  
4.92630207  7.941406854  -2.058200112  8.999504393  2.007991096  -6.046666805  -11.9457688  2.46420533  1.177963433  2.657909099  
6.159501256  10.28549872  0.4214512914  7.253582392  2.36273229  -7.18217877  -12.77608859  1.262600645  0.8201430441  3.787550803  
5.494745523  9.447273967  2.531769169  3.517659258  1.784628677  -6.165620228  -9.999423882  0.2808867665  -0.09696670758  3.580711049  
2.822377675  5.636703976  2.825617218  0.7508666956  1.026354281  -3.678298925  -5.979572287  0.2303854957  -0.7649072554  2.268229194  
-0.4393097561  1.145298381  1.092959047  0.2282128009  0.7614006355  -1.425276397  -2.911559483  0.9174551602  -0.5345853687  0.9050000467  
-2.05962281  -1.288667251  -1.132783715  0.7842870929  0.7802496582  -0.5264709585  -1.296173526  1.227339478  0.3363864676  0.2074195578  
-0.8089939338  -0.7533395671  -1.873831577  0.6675800488  0.3294604551  -0.5535950627  -0.1580894175  0.272337524  0.904631556  -0.06475074036  
2.213267303  1.164494693  -0.5758053345  -0.3855168002  -0.8352378224  -0.25209658  1.367954854  -1.493697762  0.5695897669  -0.4751564087  
4.271276512  2.037186111  1.444496329  -1.234772623  -1.97018064  0.9007115685  2.843455291  -2.584045815  -0.252903716  -0.9601785804  
3.375929069  0.9061102101  2.40644843  -1.138381533  -2.054813566  2.084141918  3.061782037  -2.012569558  -0.6214573247  -0.8918838561  
0.1304875163  -1.073455983  1.721967658  -0.8010812395  -0.9168720393  2.13127529  1.703435144  -0.3373749468  -0.1541707144  -0.08157337926  
-2.884798955  -2.12195784  0.1866828766  -1.373168646  0.4972774847  0.9271973088  0.1220301973  1.006679325  0.5931447465  0.6946123385  
-3.62474636  -1.688361626  -1.16519378  -2.803433514  1.030644291  -0.4233612858  0.1441914923  1.298217811  0.8820815435  0.5015920434  
-2.387954845  -0.7303938506  -1.969720436  -3.700533812  0.4378959024  -0.8006859174  2.066344671  1.159538374  0.6821163086  -0.5650492576  
-1.097656259  -0.4073737545  -2.283521127  -2.86487419  -0.4454726048  -0.1945125912  4.125041518  1.530859461  0.5428763622  -1.390434032  
-1.030564804  -0.8541732748  -1.935714419  -0.6063269185  -0.6085887955  0.5150745538  4.191941544  2.317076123  0.6548925326  -1.160270058  
-1.610636948  -1.32394927  -0.6549813895  1.608659852  0.1389172697  0.7194337302  1.939314736  2.410790123  0.4386878955  -0.3661285077  
-1.49582048  -1.255625664  1.172105982  2.537545109  1.070748191  0.7153579441  -0.8575175582  1.076392492  -0.6402873584  -0.1890475267  
-0.4619274536  -0.8941410017  2.37139434  1.946987412  1.340864829  1.118740283  -2.149019979  -1.0041692  -2.025339885  -0.9969020212  
0.2370986569  -0.8837400379  2.007929557  0.3164858231  0.7901135331  1.925262321  -1.51997796  -2.324246845  -2.313926792  -1.845589211  
-0.6032650512  -1.536145523  0.4478810431  -1.644826835  -0.010978942  2.455132666  -0.2108561005  -2.127989424  -0.8102300942  -1.617768449  
-2.63150116  -2.646041873  -0.9376406926  -3.033688285  -0.4057909061  2.211625259  0.4662373461  -1.173672385  1.383698385  -0.3610704169  
-4.229879782  -3.819416837  -1.191675593  -2.888333132  -0.2627313381  1.511609475  0.3641836196  -0.8665827726  2.237294297  0.8317562859  
-4.154402852  -4.675138473  -0.6218438821  -1.00048825  0.007278500374  1.095830992  0.1814026486  -1.785992063  0.8840234295  1.163961947  
-2.574325272  -4.72748875  -0.07942469837  1.361260789  -0.07030876651  1.268509305  0.3527974872  -3.192815278  -1.387298464  0.9351662533  
-0.5014648062  -3.442124546  0.3136846211  2.169993674  -0.5891188373  1.670383274  0.6313247341  -3.896243881  -2.469760484  0.8459656853  
1.396646874  -0.766881322  1.252961489  0.6252759446  -1.234949257  1.881606603  0.6599750539  -3.414719409  -1.686462769  0.8684009851  
3.085605358  2.407695754  3.007715327  -1.704931103  -1.60685309  1.951905231  0.5362472264  -2.257753849  -0.4301975939  0.2790929956  
4.461071513  4.630463301  4.559039292  -2.242104411  -1.543660153  2.13966771  0.6044981282  -1.24898742  -0.4812680473  -1.177815168  
4.895629714  4.978927694  4.469716848  -0.1089090043  -1.201122545  2.309849411  0.9048931986  -0.7392388181  -1.939771631  -2.615104403  
3.805519899  3.76217665  2.600973316  2.802423117  -0.88068565  1.949733813  1.110123698  -0.4442849138  -3.118447043  -2.832676536  
1.503520961  2.057756715  0.5317590245  3.77320555  -0.780270717  0.8785222756  0.9622103982  0.1123286773  -2.459396914  -1.677090088  
-0.8447841187  0.6324238238  -0.02932106881  2.150774263  -0.8478256874  -0.3389144637  0.5154936783  1.077203159  -0.2510819382  -0.2169705636  
-2.174620059  -0.4936592477  0.8942510258  -0.0284911756  -0.8326230931  -0.9805494949  -0.07880492686  2.115019209  1.750456711  0.4782479228  
-2.242484829  -1.432822262  1.570009266  -0.3289249364  -0.5009604288  -1.108430528  -0.7251368869  2.705257799  2.245362217  0.4141999938  
-1.374143503  -1.735952279  0.458378823  1.510681571  0.1478576699  -1.59942342  -1.131122396  2.634619226  1.639621314  0.3404238544  
0.1565703521  -0.7146328105  -2.160719189  3.492784273  0.8639545457  -3.074133476  -0.7051327564  2.266553293  1.338642958  0.626915363  
2.117636501  1.482784859  -4.581216368  3.578513308  1.37300228  -4.995278652  0.7784846953  2.27707499  2.075436438  0.9089574481  
3.763747113  3.450740533  -5.466343759  1.597838655  1.639628872  -6.123063766  2.338955961  2.991039204  3.200021077  0.8709543636  
3.833645552  3.571415637  -4.977863923  -0.9755725512  1.880006555  -5.868468192  2.163834206  3.936266464  3.556183195  0.9115199382  
1.606646851  1.591135058  -4.192118353  -2.608777441  2.277123869  -4.921307647  -0.5942412748  4.171396183  2.755791873  1.617826024  
-2.014099167  -0.9975301212  -3.778012855  -2.730821633  2.699765457  -4.372907155  -4.441625169  3.189259916  1.422509778  2.71545375  
-4.841009759  -2.290372256  -3.497945572  -1.551332673  2.769531882  -4.398994321  -6.539949754  1.483914355  0.3512660494  3.03506342  
-5.148818962  -1.675290779  -2.830288194  0.3987246811  2.249118631  -4.104688435  -5.463064179  0.1080794715  -0.2780897313  1.774502356  
-3.13271017  -0.1714727425  -1.702282898  2.268778438  1.334822052  -2.681072551  -2.742867289  -0.3668936273  -0.8002167231  -0.4330737639  
-0.5607141949  0.8064063463  -0.482006575  2.922259354  0.5057123244  -0.4148585755  -1.249331396  -0.3554895422  -1.434821144  -2.029062843  
0.9782471071  0.8093661695  0.52284813  1.657315598  0.07361749466  1.661943568  -2.050353099  -0.6628605275  -2.01998515  -2.087250437  
1.376137703  0.4431281591  1.314047416  -0.9345995435  -0.07451887474  2.961086364  -3.322216796  -1.494421058  -2.35617306  -1.114890109  
1.637579369  0.3501929099  2.00513213  -3.204001284  -0.2752531549  3.84743853  -2.585178578  -2.237666852  -2.561230563  -0.2660476193  
2.498481628  0.4346447463  2.602228605  -3.885326301  -0.6975708291  4.903917106  0.3800141299  -2.255613826  -2.877684637  -0.0526242349  
3.631067868  0.1941787582  3.048479676  -3.259568883  -1.222823242  5.989205184  3.353690479  -1.721030775  -3.169007497  -0.06453480731  
4.141551066  -0.3989025162  3.322996678  -2.684813901  -1.674495611  6.316346824  4.296017256  -1.491641727  -2.822472318  0.2291765783  
3.581836415  -0.6511577739  3.368205061  -3.026184297  -2.026995597  5.404504475  3.478172444  -2.184939351  -1.327649394  0.8126124142  
2.319894667  0.1093098152  3.030261175  -3.809544993  -2.300068123  3.66377321  2.648001258  -3.521887553  1.03009364  1.338567407  
1.034170105  1.655310241  2.265915754  -3.979265281  -2.340357929  1.93378384  2.59272024  -4.610549958  3.146690049  1.644532147  
0.05724326311  2.875856049  1.395271494  -3.186425181  -1.907216607  0.6619662043  2.389256383  -4.728690402  3.889284744  1.726416982  
-0.7368785087  2.722415013  0.9230674955  -2.037750809  -1.064167814  -0.2488851629  1.22025187  -3.734596235  3.022917011  1.368733728  
-1.554621661  1.139485542  0.9685997842  -1.187646506  -0.3556526685  -0.9189058007  0.09891812104  -1.883016762  1.436772871  0.2740560195  
-2.363340237  -0.9086237509  1.007967926  -0.5590130573  -0.382661545  -1.186558404  0.8814504014  0.4449229894  0.4512726637  -1.277813796  
-2.979035095  -2.278301063  0.4077882223  0.4003417626  -1.131980965  -0.9620503293  3.593849516  2.721316759  0.776760658  -2.274896103  
-3.396309064  -2.545515212  -0.7725999869  1.946078775  -1.849264404  -0.6035986643  5.617649133  4.235686795  1.967693544  -1.919410262  
-3.939643103  -2.22029452  -1.711097168  3.767893262  -1.726055041  -0.5798781123  4.238393148  4.442566624  2.793279097  -0.6981505194  
-4.990970673  -2.207686175  -1.671962908  5.342457408  -0.7197973948  -0.7562780612  -0.1507834206  3.469329836  2.212759163  -0.09285384637  
-6.459441995  -3.03087263  -0.8009253048  6.22470458  0.4053026739  -0.3653574333  -4.00424223  2.121286162  0.1854590166  -0.9954903559  
-7.492294668  -4.410588345  0.08920620549  6.006599378  0.8856961531  1.049727599  -4.039381866  1.204610946  -2.298133337  -2.642119565  
-6.875172561  -5.456825791  0.4517769638  4.451879741  0.7216015531  2.786099001  -0.4577277471  0.8436016521  -3.949586039  -3.427841417  
-4.014890708  -5.291439338  0.4856107629  2.044041489  0.5676937453  3.393373952  3.407297976  0.5467322553  -4.077404205  -2.684716563  
0.2948874939  -3.647035562  0.6289229205  0.1762490678  0.9396174668  2.067177023  4.377780228  -0.09728604992  -2.966796281  -1.281566118  
4.191846363  -1.023158728  0.8455922004  0.1903245257  1.675023483  -0.4908823948  2.064104897  -0.9422833215  -1.534951538  -0.3959552051  
6.102786197  1.679526273  0.6993768202  1.927796102  2.205085289  -2.706256871  -1.497425308  -1.534443527  -0.6241144754  -0.129279668  
5.964459399  3.714091856  0.05631112629  3.537813247  2.206603277  -3.529888378  -4.100957253  -1.661056915  -0.490096275  0.2614357435  
5.080316462  4.776642372  -0.6596386205  3.174452074  1.837292451  -3.113893971  -4.924576063  -1.472023257  -0.7816591361  0.9988165864  
4.719413622  4.887408158  -1.094931223  0.9098863988  1.383703605  -2.272768278  -4.367254496  -1.123571891  -0.9073523297  1.338651856  
4.927548252  4.15263606  -1.57547662  -1.371452137  0.8936685817  -1.618524142  -3.201589239  -0.5586801098  -0.482855046  0.7822006981  
4.798950123  2.758426541  -2.674227145  -2.095746329  0.2809047973  -1.332121465  -2.142726236  0.2314851747  0.4100603665  0.2223350791  
3.78406672  1.157741854  -4.143481435  -1.668266869  -0.3247877631  -1.459390768  -1.710532601  0.9089110888  1.283138879  1.128254642  
2.420701238  0.0582830149  -4.707575931  -1.678435465  -0.5506175034  -1.998925049  -1.910530839  1.032633748  1.588751061  3.481735413  
1.63445913  -3.123042386e-05  -3.320910468  -2.649394329  -0.1751811954  -2.643459583  -2.08135852  0.646749524  1.140119528  5.177326859  
1.557621123  0.8702734945  -0.5656915548  -3.207117974  0.56439362  -2.794116992  -1.529366659  0.3958169857  0.2826138504  4.093259057  
1.407374969  1.939087663  1.602870922  -1.830025448  1.165884076  -2.145321225  -0.4893724361  0.8471669802  -0.3604375633  0.6445259738  
0.5714916323  2.503956818  1.735696253  0.9205067997  1.31642714  -1.162137736  -0.09249765237  1.762015898  -0.3727916442  -2.319800462  
-0.5506473015  2.513362702  0.3671919517  2.528625723  1.058741885  -0.6603415281  -1.027421095  2.265592719  0.1777061446  -2.428129307  
-1.10400994  2.465524087  -0.6029951118  1.075040795  0.5558674382  -0.8271692629  -2.423619981  1.822982668  0.9084086194  -0.2554239839  
-1.015550679  2.659774838  0.05629864701  -2.650529081  -0.1184048475  -0.9099685492  -2.552726765  0.8891018755  1.502627053  1.478257234  
-1.208364321  2.663665705  1.731700677  -5.86236933  -0.8595561702  -0.09218141523  -0.7485474344  0.4203647165  1.869350711  0.9728137798  
-2.373525091  1.688258487  2.845075365  -6.467881511  -1.363281235  1.462679271  1.783758799  0.7875152303  1.981090192  -0.9131121387  
-3.855063871  -0.4656171229  2.604926459  -4.792902888  -1.335434138  2.74502318  3.383329476  1.360477713  1.728196164  -2.069103046  
-4.234973598  -2.961094171  1.619327537  -2.763357935  -0.9288863472  3.098817579  3.847869104  1.2369634  1.076111068  -1.690307625  
-3.079746898  -4.577312447  0.9187616282  -1.852973868  -0.7596302623  2.964799047  4.364841139  0.2385281492  0.3098453806  -0.8590755618  
-1.683566026  -4.835100467  0.8011529988  -2.073713282  -1.266568499  3.193755676  5.515108759  -0.9661948186  -0.09859669011  -0.7682008735  
-1.711727809  -4.382578449  0.8435520124  -2.608479535  -2.092617385  3.837102179  6.054016761  -1.672521796  -0.01461824985  -1.143747532  
-3.227399136  -4.20106782  0.7689018637  -2.821563285  -2.338938385  4.057815961  4.337577461  -1.888044333  0.06239307324  -0.8745149389  
-4.462562293  -4.500567387  0.8556990322  -2.493795468  -1.563502787  3.329483233  0.7752554414  -2.210365343  -0.5410560222  0.2221283723  
-3.67932298  -4.528274929  1.391454474  -1.518188311  -0.390339877  2.293184579  -1.957017925  -3.092512608  -1.817802005  1.023911248  
-0.987073598  -3.482259003  2.029819169  0.150208571  0.0892435491  1.978577531  -1.634334304  -4.351066817  -2.836938745  0.6453297083  
1.916582177  -1.471625855  1.989210345  2.266886883  -0.4632921834  2.278794316  0.9359435062  -5.319281664  -2.580853444  -0.2454211941  
3.592186113  0.5659820981  0.8526643101  4.383789486  -1.199553252  1.759024985  2.665806215  -5.306814214  -1.072005078  -0.2203696909  
4.020932405  1.855329144  -1.036471199  6.283132793  -0.9979375813  -0.6574301254  1.566781741  -3.925047998  0.4940049172  0.9574173002  
3.908211777  2.502402361  -2.971121388  8.040409745  0.2848576346  -4.052468623  -1.149527079  -1.259235775  0.888618744  1.817311561  
3.381504744  3.118004441  -4.417713132  9.425287279  1.649387107  -6.066260563  -2.662379362  1.979607945  0.09361917302  0.9161975863  
1.941715139  3.854684488  -5.026824454  9.493756612  2.039369987  -5.254698537  -1.833963393  4.522213113  -0.7160866276  -1.272530467  
-0.3621936766  4.07976593  -4.381323435  7.297161693  1.412220533  -2.62106507  -0.294947937  5.161498082  -0.4444887544  -2.696428349  
-2.33981688  3.136875459  -2.203968839  3.187489444  0.623686591  -0.5487196382  -0.2437518408  3.700478315  0.7928497485  -1.93953903  
-2.708114698  1.300981591  0.9890711804  -0.9214050327  0.3930500924  -0.3608261743  -1.83894614  1.339878678  1.874357142  0.3092578303  
-1.566812331  -0.2692454317  3.706698328  -3.023252565  0.6203306425  -1.259284444  -3.300517435  -0.1305832399  1.887765134  2.166355881  
-0.3471932321  -0.6323828943  4.391105176  -2.806171804  0.7532188691  -1.648489319  -3.293426239  0.2000245248  0.9655953542  2.575444295  
-0.161770166  -0.008372904577  2.734805853  -1.759336132  0.5788920307  -1.041901684  -2.433497262  1.61299069  -0.06572505033  2.032251938  
-0.5782611956  0.514994498  0.04454357994  -1.462749859  0.4063310091  -0.2885313363  -2.137944185  2.520903889  -0.6167260143  1.461275054  
-0.3698743341  0.1919016668  -1.821994837  -2.02803589  0.5093419619  -0.1275005779  -2.532893148  2.020006422  -0.7210634191  0.980004785  
0.7289127359  -0.6230219058  -1.934621388  -2.390086576  0.6660441649  -0.117804839  -2.221804671  0.6872305671  -0.6274541081  0.1171640064  
1.569611031  -0.9987137199  -0.7936420178  -1.858489695  0.4362219277  0.6837823532  -0.189732827  -0.1362651593  -0.370469976  -1.090834044  
1.107904369  -0.5743158721  0.437301167  -0.9198005562  -0.200754093  2.271421474  2.637719156  0.2286989112  0.04900382601  -1.842903631  
-0.0250811586  0.03080158666  1.01349885  -0.4449188233  -0.7101879798  3.410678811  4.171764097  1.140262302  0.2525410841  -1.579266997  
-0.01967565589  0.005268346365  0.9776753861  -0.5580354871  -0.5846169866  2.935336192  3.325883947  1.35366516  -0.3480713822  -0.8323338074  
1.965177088  -0.6270565128  0.7329811848  -0.7058124394  0.05318180093  1.048153535  1.016389038  0.3105738528  -1.785479408  -0.6586012473  
4.563581679  -0.9751717447  0.5004441678  -0.6862097391  0.5539014821  -0.8831163011  -0.9773519958  -1.304805367  -3.127474821  -1.314842818  
5.458084255  -0.3072168784  0.2048591614  -1.054525666  0.4307813394  -1.674225863  -1.72234364  -2.22759852  -3.155638304  -1.919261744  
3.761679139  1.032585968  -0.2733372659  -2.242519842  -0.1479392983  -1.21891869  -1.489965611  -1.776942621  -1.578803202  -1.591030832  
0.8261875299  1.8582015  -0.8550243773  -3.610745539  -0.5716436126  -0.1349089795  -0.7982170893  -0.4110728237  0.5524950053  -0.6212367735  
-1.339032915  1.279793582  -1.254574348  -3.880132957  -0.41988469  1.051643104  0.2946575237  0.7647572967  1.785727614  -0.1530668967  
-2.086229654  -0.4541530616  -1.17973963  -2.576448524  0.1504543549  2.097639048  1.797015917  0.9820284639  1.611613927  -0.7523710215  
-2.307189715  -2.207045998  -0.586212419  -0.6787269341  0.5814859913  2.660774636  3.138331148  0.3556184904  0.8013167853  -1.670793768  
-2.852187821  -2.912434254  0.2154857584  0.4302136079  0.411749979  2.2318239  3.419436502  -0.4255519655  0.4534410468  -1.725125677  
-3.331457611  -2.261964683  0.7648889737  0.4741991151  -0.3468526989  0.6825218191  2.349444038  -0.8462828361  0.8715110451  -0.6880861123  
-2.754468298  -0.6568423833  0.8739510868  0.4183061197  -1.203403558  -1.332877806  0.6277923689  -0.9732598189  1.461990044  0.5125086374  
-1.059589625  1.21859825  0.8406549993  1.117240026  -1.529895083  -2.835338413  -0.7745431022  -1.170372183  1.59107492  0.9592101341  
0.4911070866  2.685199681  1.102967222  2.201829359  -1.032471624  -3.40952983  -1.557917786  -1.518399228  1.296315248  0.7818057176  
0.5961401778  3.185829745  1.607680671  2.55290807  -0.01871006022  -3.44523953  -2.143718447  -1.631814683  1.079412231  0.8354986624  
-0.6621820696  2.494229566  1.671805097  1.682998449  0.8088986601  -3.439800767  -2.893107796  -1.095699873  1.177187665  1.540344465  
-1.922681625  0.9718550966  0.6981290983  0.2828028415  0.9429720123  -3.277575443  -3.542970607  -0.02334388786  1.264632938  2.383342983  
-1.988228968  -0.5400677945  -0.9595224262  -0.6464787236  0.527332885  -2.423660392  -3.492246474  0.9286574748  0.9069777637  2.642726862  
-0.9248873237  -1.343509324  -2.098926505  -0.8792055213  0.1848080163  -0.7656796202  -2.465855946  1.152215768  0.1370693876  2.331547499  
0.2799248017  -1.484805836  -1.865169268  -0.9498314406  0.3405433557  1.009466991  -0.7628695824  0.6599171059  -0.5570519022  2.149895861  
0.8511590677  -1.618577135  -0.7723685063  -1.239379365  0.7605137823  2.01499785  1.013910751  0.02369900284  -0.7757173123  2.542968804  
0.7747890149  -2.165990676  -0.2586553544  -1.457242918  0.84107226  2.015300526  2.271169155  -0.2304880846  -0.6019129487  3.073001139  
0.3700983622  -2.683990961  -1.100668413  -1.13580388  0.3303740605  1.53409656  2.566525621  -0.104427839  -0.4168376462  2.884835509  
-0.2597996685  -2.256746547  -2.449756964  -0.3640493198  -0.3686931102  1.198462209  1.823898263  -0.01253509946  -0.4287189709  1.703388113  
-1.109598644  -0.5916655728  -2.672629767  0.2559234272  -0.6774985363  1.187807268  0.6476398412  -0.2835561395  -0.4901496427  0.2056794111  
-1.798904285  1.39751859  -1.115741121  0.3399363605  -0.5126882116  1.357266497  0.1959145303  -0.8493268336  -0.3579731158  -0.6213801236  
-1.619070521  2.289904356  1.199288472  0.161491179  -0.3250916527  1.647397403  1.268490816  -1.370869125  -0.02658578758  -0.4129569185  
-0.2501827865  1.511055009  2.707703427  0.2765820073  -0.4834804499  2.112988433  3.312777447  -1.54402896  0.2394343719  0.276598471  
1.700575649  -0.07624313717  2.888518201  0.8814862731  -0.8085762554  2.596747391  4.589454695  -1.248235763  0.1403561079  0.4809843146  
3.09743389  -1.001718225  2.482383375  1.698849454  -0.8524873739  2.667169047  3.711827351  -0.5187209761  -0.4397415221  -0.4312228687  
3.264628774  -0.5857688031  2.258676899  2.408921467  -0.53910071  2.061258116  1.120380111  0.4863960855  -1.370009924  -2.357202879  
2.49516127  0.5372368573  1.991916988  2.983215264  -0.3098867006  1.075665918  -1.178267079  1.502915686  -2.291203789  -4.554165505  
1.578104023  1.240007809  0.9085457528  3.551135339  -0.574852813  0.312163148  -1.523274408  2.281435708  -2.684510079  -6.058978793  
0.9812986226  1.100742119  -1.080540839  4.098789079  -1.183100987  0.02350905044  -0.2101098052  2.762959652  -2.106188933  -6.217189918  
0.6277092896  0.6956391997  -3.019643151  4.407762066  -1.590523503  -0.1206403899  0.9196494269  3.052353486  -0.5847658195  -5.079995729  
0.3545187004  0.7864549738  -3.880406139  4.190921811  -1.473454775  -0.5494079385  0.4497926902  3.129292937  1.159630515  -3.381032647  
0.2783135327  1.410292861  -3.580112773  3.168278696  -0.9724285915  -1.2375675  -1.216798357  2.675364888  2.06853511  -1.995321462  
0.5134269484  1.877580559  -2.752314173  1.131621788  -0.3076542071  -1.818711085  -2.474969161  1.398950956  1.563991714  -1.244588035  
0.6749329923  1.581362548  -1.678934013  -1.770953447  0.5937023161  -2.179482078  -2.345209207  -0.398610573  0.1273597394  -0.6816722416  
0.01397673345  0.6395323732  0.07429627652  -4.710565569  1.847406042  -2.663497081  -1.487348779  -1.781973903  -1.010707251  0.3798362872  
-1.734432216  -0.3080672005  2.739032994  -6.406050376  3.080378803  -3.523789347  -1.40731803  -1.976607842  -0.9012935076  2.070625436  
-3.736460092  -0.8034385334  5.370844175  -6.060440228  3.498616244  -4.321452474  -2.8323331  -1.242150584  0.3078348579  3.711970595  
-4.558618086  -0.9247125418  6.29638542  -4.180010008  2.707410116  -4.144217131  -4.95223782  -0.7298094073  1.560543303  4.391179323  
-3.445875451  -0.9752719542  4.719316753  -2.253006762  1.324128326  -2.514806506  -6.138272756  -1.273936724  1.889239118  3.801050909  
-1.067551555  -1.025276749  1.666925878  -1.407232553  0.476387649  0.04668327844  -5.269272998  -2.397974848  1.231347879  2.507948844  
1.10172995  -0.9215507669  -0.9044359609  -1.420088624  0.6074481586  2.458562706  -2.458809631  -2.74995763  0.3112904792  1.413670367  
2.129442924  -0.6856460696  -1.911674193  -1.192927083  0.9818389579  3.967039719  1.188362491  -1.598652242  -0.1763341825  0.9873045781  
2.271969193  -0.6657200163  -1.889543098  -0.1563921978  0.5609670431  4.469178171  4.299777479  0.2779792611  -0.1798180337  1.010107403  
2.306914215  -1.126928081  -1.988109524  1.02443204  -0.7268928248  4.075610214  5.854129307  1.366505841  -0.1291698726  0.9834755647  
2.431163726  -1.758471619  -2.532671668  1.249047577  -1.836437732  2.720049997  5.510967146  1.005889643  -0.3167832316  0.6846265963  
2.050059098  -1.806505506  -2.802105147  0.3018913781  -1.783685457  0.4613178819  3.69680002  -0.00628941712  -0.5710062501  0.3024670944  
0.6741929853  -0.841722539  -2.101007555  -0.8705727183  -0.7675310106  -1.966441573  1.417539015  -0.4252784258  -0.5373278143  0.1135142708  
-1.20481722  0.6553333282  -0.7069601247  -1.195264025  0.07960023419  -3.315676604  -0.2405105486  0.05545599899  -0.1553241892  0.1365139337  
-2.379345809  1.6230648  0.407085323  -0.5513182635  -0.02202027588  -2.826187207  -0.7084225845  0.6382229233  0.2532618729  0.1458351452  
