-0.6714906985  0.7549219174  0.5443599407  0.8125926113  0.4695849949  -0.5086731324  -2.618598049  -0.8770528321  -0.1322662678  0.8198785734  
0.5600238849  0.3968508968  0.7137806622  1.914147227  1.087651052  -0.5536081518  -3.031409223  -1.566580479  -0.7306765178  0.4062742669  
1.257550297  -0.8520547158  1.001904911  1.880835137  1.013402764  0.2484426633  -1.328497291  -1.810456925  -1.236871547  -0.375048513  
0.9042258307  -1.820345232  1.717591345  0.6981639179  -0.2821721428  1.523058661  1.363536049  -1.671388149  -1.17262157  -1.089452523  
-0.005508696799  -1.613984018  2.694015497  -0.5702379951  -2.190415937  2.406189303  3.302506917  -1.435656895  -0.4327821049  -1.521071471  
-0.7486713331  -0.7218790106  3.158250229  -1.068683016  -3.32944388  2.369214583  4.005990622  -1.223841695  0.6119292121  -1.668523917  
-1.180835667  -0.5194323024  2.369840341  -1.239476284  -2.839153699  1.677806716  4.61796724  -0.9048368175  1.387768387  -1.529958023  
-1.595875623  -1.713924098  0.4010942944  -2.220224392  -1.252297632  1.035086498  6.346185741  -0.3329358483  1.509796498  -1.109303484  
-2.030529579  -3.515939733  -1.854820287  -4.079398214  0.05073893659  0.8500484171  8.703069015  0.4692803845  1.011484159  -0.6052653055  
-2.077508406  -4.414570697  -3.488996813  -5.102325584  0.2487747442  0.8994680454  9.509278193  1.363428336  0.3005124965  -0.3411941899  
-1.430925457  -3.576646796  -4.245927275  -3.383286252  -0.1780075073  0.6462643875  6.770483784  2.16468778  -0.1208381001  -0.3512567805  
-0.3233971932  -1.355422395  -4.307207152  0.80529303  -0.1444110697  -0.1981974164  0.6472999145  2.568846746  -0.02656988744  -0.1766678763  
0.7665591247  1.341715103  -3.635136192  4.69118428  0.7530684778  -1.419135571  -6.32457369  2.186871151  0.3270840371  0.6768630325  
1.642498216  3.779946612  -1.937158435  5.485462222  1.825332177  -2.50480633  -10.96248327  0.9424464341  0.4025397316  2.044484389  
2.327549859  5.429395989  0.562736455  3.152893858  2.149545734  -3.049000498  -11.62863136  -0.5132834379  -0.08473190042  3.07175244  
2.558902747  5.726775073  2.640004438  0.3759028948  1.621281137  -2.998952437  -9.120286726  -1.079773927  -0.7902491023  3.032310623  
1.811656081  4.355874389  2.862846856  -0.3307346966  0.9701188566  -2.588127973  -5.676925087  -0.2380967497  -1.003589628  2.079429569  
0.1372904456  1.876109981  1.071671806  0.8452923757  0.7934944485  -2.047303688  -3.084274494  1.184662334  -0.3984098078  1.012700801  
-1.280190987  -0.3007293536  -1.161496461  1.618444492  0.8236352806  -1.367347554  -1.529652338  1.588616533  0.5204937387  0.3530070381  
-0.9721301527  -0.9598803327  -1.867736329  0.4930593779  0.3203942703  -0.3777977966  -0.1092950594  0.1968213523  0.866170807  -0.09523942156  
1.165352758  -0.1633916272  -0.5370796809  -1.506893153  -0.8935454127  0.8781142653  1.681753615  -1.979269961  0.3221699958  -0.67094099  
3.368039488  0.8925116179  1.477845435  -2.201360411  -2.020440253  1.874963184  3.113978347  -3.00259721  -0.466202458  -1.128963558  
3.56462377  1.145119159  2.399487003  -0.936493497  -2.044307129  1.880673498  3.005334753  -1.925088647  -0.5769331751  -0.8567059724  
1.47714519  0.6329881547  1.672294123  0.6399565767  -0.8419282127  0.6788226042  1.300222974  0.2867576222  0.1637968404  0.1699287237  
-1.112980137  0.1232985444  0.121350486  0.5228464678  0.595868513  -0.9838422128  -0.4084935084  1.827850867  1.011522232  1.025561646  
-2.294365231  -0.002511124255  -1.214229293  -1.379796719  1.104653659  -1.858256909  -0.2541191864  1.914791167  1.196220307  0.750093044  
-1.940180451  -0.1630262787  -1.986214087  -3.221384211  0.462786526  -1.28358942  1.932342874  1.367038982  0.7878289485  -0.4814271529  
-1.431262439  -0.8301798793  -2.271222369  -3.221904814  -0.4640482803  0.1653779388  4.224995839  1.376195681  0.464072291  -1.452782809  
-1.679934686  -1.67707112  -1.911787337  -1.301279766  -0.6447166594  1.215530445  4.386398351  2.016047315  0.5015367673  -1.281593791  
-1.984923294  -1.79820015  -0.6411971577  1.208084451  0.1180993473  1.123163113  2.051361595  2.237248195  0.35030882  -0.4360410904  
-1.129635276  -0.7915104288  1.158592442  2.929411281  1.091121309  0.3203874304  -0.9672077222  1.246057017  -0.5537998842  -0.1206192298  
0.7337459357  0.6211141941  2.327291365  3.226577546  1.407388003  -0.1709563918  -2.507092648  -0.4500126554  -1.742974585  -0.7735235526  
1.892304354  1.21382573  1.946868791  2.087874323  0.8822189759  0.1398762035  -2.015661932  -1.557057167  -1.923049178  -1.536381226  
0.9425912692  0.4228205886  0.3908443312  0.009521091686  0.07505445242  0.7876940839  -0.6737970381  -1.411466983  -0.4451799266  -1.328995038  
-1.500558345  -1.212908308  -0.9793670374  -1.823422618  -0.3428608151  0.9917767633  0.127575225  -0.6495046847  1.650755869  -0.1498008393  
-3.32875851  -2.677560152  -1.224900742  -1.924069519  -0.2126352277  0.5397341704  0.09440497769  -0.4490247547  2.450059861  1.000101225  
-3.091064513  -3.327718506  -0.6610260589  0.1373611971  0.06636121135  -0.0509713947  -0.1369090875  -1.293315743  1.135081836  1.362611312  
-1.284399128  -3.092882469  -0.1269547185  2.741631416  0.001383870482  -0.122728352  -0.03338565541  -2.595111209  -1.082724759  1.176141397  
0.5428001906  -2.118766647  0.2752071245  3.287516195  -0.5310605224  0.5440498037  0.3186449891  -3.412337488  -2.223173908  1.041053135  
1.564004384  -0.5547452957  1.246818434  0.8043874188  -1.225661172  1.701090332  0.6098509529  -3.337200868  -1.646934778  0.8996883237  
2.17429817  1.252893304  3.041364241  -2.680178622  -1.657599885  2.934889664  0.8091499439  -2.680194771  -0.6453921379  0.1088921125  
2.883442472  2.631264116  4.617283355  -3.93044217  -1.631509342  3.841398005  1.076959478  -1.980293761  -0.8538197685  -1.47248239  
3.289816705  2.944052991  4.529008181  -1.827396346  -1.290525536  4.041947283  1.385761604  -1.483583224  -2.318969733  -2.915036488  
2.528898818  2.144533696  2.648102597  1.436266038  -0.9517032282  3.326656069  1.492319467  -1.035945492  -3.419876244  -3.071115556  
0.5416830413  0.8390431886  0.56723974  2.74394999  -0.8337002324  1.915828711  1.250063791  -0.3333198893  -2.686463347  -1.856728012  
-1.565119476  -0.2803062455  -0.002774854969  1.379948602  -0.8878033914  0.4379250291  0.7310422212  0.7435014382  -0.4211251591  -0.351500083  
-2.576837548  -1.003358971  0.9090663649  -0.4589442746  -0.8549530724  -0.5467166483  0.04158121754  1.928651961  1.655493642  0.4031333673  
-2.327161627  -1.540189264  1.573132163  -0.4196214046  -0.5056858897  -1.016986277  -0.6997431212  2.665933523  2.225341594  0.3983905585  
-1.568225547  -1.98195966  0.4655447561  1.302900442  0.1370304312  -1.389961157  -1.072950249  2.54455981  1.593756636  0.3041680961  
-0.8692281052  -2.014583264  -2.12289448  2.395004169  0.806889784  -1.967667439  -0.3979577596  1.791118663  1.096402814  0.4352887862  
-0.06017760832  -1.277018092  -4.500930479  1.247994381  1.251885012  -2.646357354  1.430572088  1.267861394  1.561193093  0.5021298218  
1.090496268  0.06309545699  -5.367801878  -1.262808879  1.490954757  -3.239822747  3.139392177  1.752283789  2.568797598  0.3715741822  
1.994703901  1.241017913  -4.910095007  -2.943379153  1.777728455  -3.88510583  2.71447241  3.084159012  3.121957283  0.567981868  
1.531348769  1.495671093  -4.189397766  -2.689260851  2.272948802  -4.840170765  -0.5716807946  4.136599377  2.738002862  1.603727412  
-0.6307632705  0.7554153848  -3.829101734  -1.250394188  2.776743078  -5.865014957  -4.855823389  3.830433052  1.74913939  2.97381892  
-3.248432173  -0.2722965486  -3.55676664  0.1529920857  2.858159791  -6.116770161  -7.01679656  2.222057167  0.7273013972  3.332512326  
-4.367035814  -0.6846932813  -2.859208901  1.235380062  2.292641372  -4.947940248  -5.69712904  0.4704691006  -0.09350204871  1.920504104  
-3.07168745  -0.09422420518  -1.704611603  2.334117346  1.338247658  -2.746924008  -2.761128055  -0.3385357357  -0.7858094252  -0.421692755  
-0.305771811  1.129435343  -0.4914790152  3.195107367  0.5199377387  -0.689880942  -1.3256899  -0.2372644757  -1.374610939  -1.981445996  
2.084894846  2.211715764  0.4819671497  2.841578545  0.135238216  0.4682881287  -2.381754505  -0.1499311421  -1.758661668  -1.880540348  
3.048694673  2.562587662  1.252311925  0.8552264815  0.01857167152  1.157090953  -3.823037539  -0.7192614716  -1.961237316  -0.8024847615  
3.048427627  2.13798221  1.953099644  -1.694270979  -0.1967714486  2.325779708  -3.00757499  -1.583854913  -2.228109761  -0.002536502477  
3.233521069  1.366063379  2.575196074  -3.098809761  -0.6567437025  4.111206451  0.1600070451  -1.915054309  -2.704141674  0.08466326818  
4.095369763  0.7826046248  3.031489667  -2.762751076  -1.197080089  5.488473352  3.21471492  -1.505948224  -3.059369677  0.02221187627  
5.003937602  0.6940742163  3.291325478  -1.761944348  -1.626576863  5.386167735  4.037766596  -1.092019289  -2.61880555  0.3903074241  
4.952196613  1.085549973  3.317746904  -1.559677464  -1.950764793  3.926371485  3.067766394  -1.549835978  -1.004024012  1.068626412  
3.601735519  1.733781717  2.983007534  -2.437767712  -2.228731887  2.281123173  2.26411097  -2.927790769  1.33280239  1.578021309  
1.564420059  2.327268984  2.246359207  -3.411838186  -2.310849104  1.361864358  2.433936295  -4.364831415  3.271898525  1.743571874  
-0.2449554266  2.492874714  1.406440096  -3.509900179  -1.924064029  0.988015178  2.479794074  -4.868872219  3.817903908  1.669960735  
-1.426300417  1.848736893  0.9485580728  -2.775663382  -1.102601113  0.4948929135  1.426773323  -4.054328723  2.860089174  1.239963217  
-2.268883369  0.2343506504  0.9950307548  -1.952152958  -0.3954843776  -0.148321829  0.3128839439  -2.214285704  1.268079854  0.1406596313  
-3.219390997  -1.99340698  1.039623786  -1.475211085  -0.4303611641  -0.2631015971  1.137843501  0.04800821842  0.2491141419  -1.437693851  
-4.305256391  -3.958849066  0.4567605455  -1.018924462  -1.205787545  0.4684128836  3.990958803  2.106633603  0.4636116264  -2.522605918  
-5.147691892  -4.764785413  -0.7079765256  0.07191152601  -1.946665592  1.285318959  6.141978983  3.424099783  1.5541861  -2.246540941  
-5.487660169  -4.181835184  -1.654000153  2.1114053  -1.81210441  1.089622569  4.7017726  3.725310801  2.427809493  -0.9872981269  
-5.539376617  -2.902539074  -1.651753089  4.755702232  -0.7502351391  -0.1649404746  0.01329336456  3.215347771  2.083313808  -0.1952936932  
-5.678538041  -2.041278816  -0.8297576902  7.060483387  0.4487911995  -1.207746979  -4.238135114  2.483331307  0.3698701183  -0.8496445615  
-5.795145427  -2.259981751  0.02656596678  7.822877556  0.9801342637  -0.7808716256  -4.547561281  1.991258044  -1.897395552  -2.325141147  
-5.151479574  -3.272613056  0.3881378995  6.29656289  0.8175172962  0.9268771961  -0.9738327159  1.64255483  -3.542584764  -3.105906066  
-3.095925985  -4.127000427  0.4516303503  3.02755046  0.6188559189  2.402120525  3.132145305  0.9727503382  -3.860416257  -2.513089702  
0.05296998758  -3.953704069  0.6377485167  -0.08257028287  0.926197866  2.328067526  4.450236085  -0.2092973557  -3.023929562  -1.326776479  
3.003739683  -2.528881173  0.8893282116  -1.081093813  1.608937865  0.7906253312  2.419913048  -1.492876309  -1.815525323  -0.6179059753  
4.546754256  -0.2924427037  0.7567138045  0.2625960604  2.118493713  -1.027839202  -1.031414418  -2.255640991  -0.9915831121  -0.4199542954  
4.622791783  2.013802633  0.1057729741  2.101978379  2.131918541  -2.082651155  -3.699134425  -2.282965448  -0.806947619  0.01081337067  
4.243135637  3.715698683  -0.6287651622  2.278480069  1.790680435  -2.210804601  -4.673845296  -1.860132605  -0.9793717798  0.8424442057  
4.336563801  4.402236752  -1.080803259  0.5001247282  1.362379243  -1.859747132  -4.252594254  -1.301094656  -0.9977690862  1.267155108  
4.810547161  4.004371134  -1.571134144  -1.496698764  0.8871305092  -1.492269129  -3.166536337  -0.6129725581  -0.5104906086  0.7603634255  
4.851569115  2.825133341  -2.676110321  -2.039462926  0.2837874321  -1.388831358  -2.158456696  0.2558041545  0.4224801067  0.2321816779  
4.025222426  1.463411804  -4.152295769  -1.410224597  -0.3114220688  -1.719466531  -1.782729294  1.020595184  1.340085489  1.173326594  
2.818071073  0.5619509264  -4.722157743  -1.253236723  -0.5285438516  -2.42750189  -2.029536533  1.216707775  1.682595945  3.556000438  
2.002955447  0.4670485855  -3.334460917  -2.255110429  -0.1546838995  -3.040896992  -2.191747334  0.8174496735  1.227153592  5.246206055  
1.683684353  1.030099174  -0.5703383804  -3.072276266  0.5714253743  -2.93006751  -1.567166176  0.4541830584  0.3124011648  4.116849188  
1.243038928  1.730871841  1.608914375  -2.005940985  1.15676512  -1.968054789  -0.4402013844  0.7709754167  -0.3992264253  0.6138609271  
0.2306798026  2.072090969  1.748245807  0.5557559282  1.297488291  -0.7945410177  0.009527087982  1.604063363  -0.4532533288  -2.383438315  
-0.9884472677  1.958593119  0.3833160778  2.060100464  1.034413008  -0.1881528011  -0.8963605429  2.062715879  0.07434306174  -2.509889488  
-1.68237273  1.732624133  -0.5817016494  0.4561090176  0.523737111  -0.2033896128  -2.250486339  1.554994177  0.7718532976  -0.3634500031  
-1.706565706  1.784097465  0.08172625902  -3.389991136  -0.1567791839  -0.1647084401  -2.345875334  0.5689523504  1.339468451  1.34917128  
-1.686521523  2.057704415  1.749269543  -6.374011254  -0.886076327  0.4234602192  -0.6054348954  0.1989145732  1.756452435  0.8834694512  
-2.148158262  1.973810793  2.836713196  -6.226629794  -1.350674646  1.219488878  1.716230478  0.8921303129  2.034312751  -0.8710536275  
-2.729010896  0.9613082578  2.563381402  -3.587794885  -1.272758005  1.530384103  3.046145333  1.882471616  1.994090856  -1.858801226  
-2.570763279  -0.8521958795  1.557972881  -0.9823765725  -0.8363166995  1.303783026  3.349587373  2.008281543  1.469071854  -1.379471825  
-1.485979474  -2.557663532  0.8600274763  -0.1474044481  -0.671003438  1.245785407  3.887669577  0.9771373668  0.686172311  -0.5613845887  
-0.4155239388  -3.228187386  0.754429689  -0.7167162294  -1.196051133  1.826056714  5.135445206  -0.3785386929  0.2008308832  -0.5313395773  
-0.4782977265  -2.819502203  0.7980853759  -1.288503388  -2.024000046  2.506698502  5.684680853  -1.100865419  0.276651869  -0.9133416302  
-1.650349362  -2.202561659  0.7107447646  -1.133861055  -2.251204608  2.356788543  3.865355171  -1.157135089  0.4347974166  -0.5799218893  
-2.642406264  -2.194039357  0.7885774313  -0.5459606556  -1.462282069  1.366306134  0.2302943137  -1.366853859  -0.111274101  0.5621241943  
-2.17971412  -2.62798613  1.336170416  0.08658779966  -0.3069883791  0.6758057129  -2.405951438  -2.397623462  -1.463733014  1.30402142  
-0.2723976178  -2.576632883  2.003488418  0.9150054952  0.1289450594  1.207790326  -1.848266793  -4.01992386  -2.668204194  0.7788169641  
1.869399971  -1.531389389  1.990952164  2.216433863  -0.4659023988  2.329630912  0.9500380824  -5.341098423  -2.591978956  -0.2542410327  
3.031645682  -0.1443132303  0.8732997133  3.783996469  -1.230665383  2.363498763  2.833558857  -5.56646069  -1.204331472  -0.3250836307  
2.913121158  0.4514398617  -0.9956629621  5.097634602  -1.059525835  0.5374131309  1.89847292  -4.438406952  0.2324175613  0.7504636299  
1.945749112  0.01537750823  -2.898748851  5.940208172  0.175616197  -1.935605752  -0.5617762591  -2.168898785  0.4251592792  1.450701515  
0.585969673  -0.424714467  -4.314542547  6.433503838  1.493715158  -3.050723292  -1.825099506  0.6836966364  -0.5665827545  0.3939805543  
-0.9372179344  0.2064126429  -4.920536421  6.412755014  1.879088021  -2.149294946  -0.9718043069  3.18771718  -1.395937483  -1.810298732  
-2.323525009  1.594469144  -4.308907853  5.19824868  1.303118062  -0.5056316527  0.292247406  4.252530526  -0.9075807822  -3.062767889  
-3.082356984  2.196117906  -2.176584058  2.392983251  0.5825102446  0.2519218888  -0.02164288059  3.356613993  0.617605366  -2.078216546  
-2.951065564  0.9932154708  0.997963233  -1.181238748  0.3796805328  -0.09904953823  -1.766394886  1.227598466  1.81706244  0.2638706347  
-2.264826641  -1.153837504  3.732364102  -3.770122448  0.5815566787  -0.5065195231  -3.091549111  -0.4539169608  1.722952781  2.0359331  
-1.616621259  -2.241161519  4.437883199  -4.16461836  0.6825601827  -0.2792388696  -2.913234183  -0.3883194999  0.6658087001  2.338278312  
-1.130906051  -1.236567577  2.770549208  -2.796471513  0.5249150606  0.003491765006  -2.143220893  1.163749217  -0.2946010477  1.851199784  
-0.3437549728  0.8121753293  0.03590731391  -1.211811606  0.4193552934  -0.5414474294  -2.208152307  2.629546551  -0.5613563327  1.505081244  
1.02222749  1.956051952  -1.873336094  -0.5382889671  0.586806081  -1.629053211  -2.949770917  2.665205951  -0.3923346024  1.240051349  
2.361025897  1.445239494  -1.994828748  -0.6435023722  0.7568608347  -1.87821575  -2.710529389  1.44365903  -0.2420617601  0.4220376634  
2.62862936  0.343256406  -0.8327207576  -0.7252341385  0.4951341922  -0.4584268762  -0.5068120158  0.3545001885  -0.1204193471  -0.8930123469  
1.602059156  0.05183291784  0.4190489739  -0.3910654729  -0.1732730858  1.738516264  2.489786384  0.4576278952  0.1656706823  -1.750583262  
0.4354841299  0.6144058563  0.9964788418  0.04785775779  -0.684561181  2.914002222  4.033864406  1.353622497  0.3612857971  -1.493206724  
0.6367562706  0.8370959386  0.9534328802  0.1443610565  -0.5480833565  2.227375507  3.129320294  1.657826948  -0.1930707599  -0.7096854778  
2.448416805  -0.01470470762  0.7151410656  -0.1887242269  0.08007032429  0.5269773516  0.871698062  0.534494082  -1.671376671  -0.5683159527  
4.457436649  -1.109701173  0.5043614154  -0.7998128927  0.5479846586  -0.7686021376  -0.9455459421  -1.354020256  -3.152542855  -1.334661018  
4.951629099  -0.9490009353  0.2235525116  -1.596493851  0.4025929527  -1.127963764  -1.570682416  -2.462322348  -3.275220073  -2.013851465  
3.560842465  0.7781362892  -0.2659125528  -2.457424264  -0.1591118363  -1.00232208  -1.429848167  -1.870014246  -1.626203396  -1.628518941  
1.41741808  2.607517997  -0.8768071492  -2.978025888  -0.5387416801  -0.7726479663  -0.9752940298  -0.1370565242  0.6921333544  -0.5107619451  
-0.1953165696  2.729247187  -1.296720681  -2.656173319  -0.3562501424  -0.1820074033  -0.04785315766  1.294822675  2.055820568  0.06060604071  
-1.049844223  0.8592767647  -1.217916899  -1.46734245  0.2081098483  0.9797577841  1.486655471  1.462356705  1.856353848  -0.5587570389  
-1.726497156  -1.471111136  -0.6075884678  -0.05727944892  0.6137868827  2.034413881  2.964437909  0.6247602733  0.9384446814  -1.562307844  
-2.46431448  -2.420886744  0.2012016672  0.8452958347  0.4333192204  1.813472485  3.30331057  -0.2457923129  0.5450270245  -1.65265852  
-2.711221678  -1.476003704  0.7420176104  1.13791435  -0.3123715026  0.01359636962  2.163784218  -0.5588822391  1.017950946  -0.5722157024  
-1.958180591  0.3521920923  0.8445816338  1.270417161  -1.15914417  -2.191664521  0.3894446167  -0.604303031  1.649993042  0.6612577577  
-0.7102528695  1.661248115  0.8277698555  1.491083691  -1.510496479  -3.212076161  -0.8790772784  -1.008531437  1.673545222  1.024458482  
-0.2110395846  1.795398053  1.12885644  1.450482614  -1.071542269  -2.652209736  -1.34765844  -1.843797317  1.130513189  0.6506301208  
-1.100473403  1.035819629  1.670239765  0.7373529587  -0.1130817942  -1.615331416  -1.6357262  -2.418049752  0.6787943356  0.518556926  
-2.58638329  0.05581051921  1.742764562  -0.376145797  0.7018584822  -1.364391089  -2.316964429  -1.987438097  0.722823638  1.180896164  
-3.179976198  -0.6214320088  0.7445156533  -1.062708409  0.873005899  -1.921434811  -3.166493331  -0.6060752749  0.9677386905  2.148482231  
-2.210124725  -0.8212309559  -0.9513031061  -0.8839765322  0.5149615287  -2.184293961  -3.425805924  0.8257600433  0.8545814337  2.601284718  
-0.4240793916  -0.7087975867  -2.117369011  -0.343262125  0.2126791662  -1.3058933  -2.615871268  1.384332  0.2553491315  2.425103889  
0.916542751  -0.6779824519  -1.888652381  -0.2684931306  0.3760240247  0.3226776614  -0.9536087815  0.9550934759  -0.4066861605  2.268809365  
1.29835595  -1.051835345  -0.7888933836  -0.7607304534  0.7854785735  1.532493313  0.8798902368  0.2311456703  -0.6700876129  2.6264822  
1.150628217  -1.689738297  -0.2725512223  -1.05498912  0.862040016  1.60982238  2.158577752  -0.0561575072  -0.5131598702  3.14317353  
0.9636874219  -1.931839129  -1.122581973  -0.5005703865  0.363411342  0.8938360876  2.388801725  0.1707280945  -0.2766889422  2.995682156  
0.6104721179  -1.153975448  -2.48187077  0.5672587375  -0.3202827582  0.2598082516  1.563349505  0.3907966949  -0.2232383844  1.865925658  
-0.2643286506  0.4794385057  -2.703834489  1.160488522  -0.6304677158  0.2761050602  0.3945575365  0.1081946601  -0.2905612221  0.3635554079  
-1.412850351  1.886699247  -1.130022735  0.7530860407  -0.4911900413  0.9408528973  0.08031503685  -0.6703786759  -0.2668127307  -0.5492784281  
-1.942100641  1.880510719  1.211161062  -0.1841874319  -0.3430435652  1.99580464  1.365215447  -1.520547912  -0.102866117  -0.4733077219  
-1.244447209  0.2510473982  2.744341513  -0.787426192  -0.538782432  3.185403168  3.610502637  -2.004803681  0.004646856114  0.09086027688  
0.2399370224  -1.92726816  2.942353105  -0.6816097701  -0.8898185791  4.172195768  5.026831728  -1.925145372  -0.204562095  0.2081184582  
1.428314149  -3.116967635  2.543889981  -0.08734403308  -0.9453172952  4.467483635  4.211637132  -1.292235579  -0.8338939648  -0.7430478596  
1.715730561  -2.54870464  2.315745246  0.751376412  -0.6252536031  3.731923738  1.584219994  -0.2314192285  -1.735784074  -2.646580605  
1.458144786  -0.777031204  2.030137727  1.873429668  -0.3676049962  2.194264416  -0.8676593257  1.022264391  -2.536116041  -4.747917711  
1.293559188  0.8793394775  0.9190679263  3.246569923  -0.5907564032  0.6191881526  -1.437960235  2.149437573  -2.751739858  -6.112147449  
1.27154121  1.468527859  -1.091180813  4.4093121  -1.167043722  -0.2894240771  -0.2969247258  2.897307196  -2.037682924  -6.162964983  
0.9666838505  1.125216548  -3.032083624  4.770437062  -1.571735604  -0.4861545046  0.818205764  3.209296932  -0.504742659  -5.016658008  
0.367244429  0.8025928492  -3.880840104  4.204472649  -1.47278909  -0.5630486931  0.4460178781  3.135067011  1.162619063  -3.378642794  
0.1817546594  1.287931637  -3.576529692  3.064892085  -0.9778292859  -1.133351151  -1.187854852  2.630519893  2.045722802  -2.013351091  
0.9111876173  2.381670948  -2.766949511  1.557253031  -0.2855490469  -2.247708466  -2.594062916  1.583237903  1.657923378  -1.170272216  
1.800027399  3.00722657  -1.720372751  -0.5669344881  0.6562856665  -3.393049212  -2.68214232  0.1228194972  0.3930688232  -0.471474331  
1.261872123  2.221069207  0.02833774612  -3.375107461  1.916840503  -4.009567739  -1.861098889  -1.20358323  -0.7159807177  0.6129870269  
-1.312128712  0.2272479607  2.723520198  -5.954104493  3.103884041  -3.979361083  -1.533853599  -1.780849992  -0.8015224631  2.149559282  
-4.378017519  -1.616326483  5.394566254  -6.747013141  3.46291108  -3.629476234  -2.640262934  -1.539508833  0.1563707459  3.592173036  
-5.34994708  -1.927419914  6.325633701  -5.026877298  2.663349713  -3.290653375  -4.715285089  -1.096634139  1.373701097  4.243403556  
-3.116219173  -0.5574085935  4.707214475  -1.900229357  1.342443051  -2.870373718  -6.237005199  -1.121213082  1.967110522  3.862675356  
0.7243174352  1.245580347  1.60086894  0.5103785144  0.5760916813  -1.886110754  -5.805901461  -1.567497151  1.654516403  2.842709683  
3.369784733  1.952729029  -0.9880902432  1.007141076  0.733676973  0.01211122176  -3.13805173  -1.698726874  0.8469046266  1.837370869  
3.507840509  1.061163439  -1.962542529  0.2822232828  1.058569558  2.48021416  0.7755502959  -0.9597539993  0.149180775  1.244805126  
2.287946397  -0.645488636  -1.890179126  -0.1392666635  0.561879048  4.451935603  4.294978383  0.2853997351  -0.1760418906  1.013102176  
1.629164244  -1.985850459  -1.963181095  0.2991571937  -0.7645759079  4.806649924  6.057074302  1.052403755  -0.2892169137  0.8568796526  
1.939632921  -2.381423314  -2.514643788  0.7230771299  -1.863729216  3.250197818  5.658126072  0.7781546985  -0.4328579669  0.5928079746  
1.881262678  -2.02049745  -2.796002656  0.1213123125  -1.792994632  0.6433317895  3.747307314  -0.08438245363  -0.6108815674  0.2709181977  
0.3013191974  -1.314365615  -2.087361781  -1.269568191  -0.7882112728  -1.564274548  1.529195939  -0.597962815  -0.6254170666  0.04382765713  
-2.10301264  -0.4830381976  -0.6738833024  -2.156487391  0.02963682518  -2.346814141  0.02851737541  -0.3607846492  -0.3674812887  -0.03130592944  
-3.407344795  0.3202258759  0.4450103729  -1.65149285  -0.07925539497  -1.717269066  -0.4004935905  0.1617313687  0.01045755178  -0.04622184913  
